4 5
0.000000 0.000000
0.917187 1.106087
2.558984 0.589913
3.828125 0.018435
5.883989 -0.018434
6.865621 0.009044
8.466013 0.055305
10.142971 1.594435
11.469921 1.069218
12.068360 0.000001
14.033202 0.000001
14.904689 0.018435
15.813672 0.073739
17.441010 0.064348
16.020704 0.036870
20.000000 0.092174
0.000000 0.000000
1.041406 0.755826
2.026953 0.138434
3.000000 0.000000
4.931641 -0.018434
6.097265 0.000000
6.993750 0.000000
8.242186 -0.811131
8.908979 0.202783
9.846870 0.055305
11.503120 0.073739
15.287914 0.036869
16.323071 0.055304
17.122265 0.092174
17.614843 -0.073739
20.000000 0.000000
0.000000 -0.018435
1.883984 1.078261
3.138672 -0.405565
4.304297 0.018435
4.890233 0.036870
6.014452 0.000000
7.594139 0.018435
8.594137 0.018435
9.606640 0.073739
10.606640 0.073739
11.606640 0.073739
11.496875 -0.018435
12.496875 -0.018435
14.558984 0.018435
15.026955 0.036870
20.000000 0.018435
0.000000 -0.018435
0.772267 1.797217
2.082811 2.000000
3.082812 2.000000
6.041407 2.000000
6.041407 2.000000
6.041407 -1.944696
7.488669 -2.082784
8.902735 -1.852522
10.979298 -1.806608
16.807421 -2.000000
16.376959 -0.635826
17.639851 1.041391
18.985548 1.363827
19.126173 1.115130
20.000000 1.115130
